%
MegaWave2 - DATA ASCII file -
%
def Fsignal
%
comments: Example of Signal (2208 samples) : blood flux
%
size: 2208
scale: 1.0
shift: 0.0
gain: 0.0
sgrate: 0.0
firstp: 0
lastp: 0
param: 0.000000e+00
3004
2975
2958
3132
3249
3335
3393
3397
3300
3258
3251
3245
3252
3215
3179
3148
3122
3092
3059
3031
3019
2997
2972
3100
3238
3328
3389
3412
3355
3276
3264
3258
3267
3251
3215
3177
3133
3102
3071
3038
3026
3007
2984
3018
3202
3305
3402
3413
3357
3283
3264
3255
3259
3234
3196
3163
3132
3106
3077
3049
3026
3014
2982
3051
3213
3305
3372
3399
3379
3259
3267
3253
3259
3242
3205
3158
3126
3097
3075
3050
3026
3010
2981
2966
2942
2964
3344
3393
3393
3280
3270
3250
3256
3253
3224
3184
3138
3108
3085
3062
3036
3014
2996
2968
2977
3169
3267
3344
3381
3374
3213
3249
3238
3245
3232
3199
3152
3112
3086
3067
3046
3022
2988
2986
2954
2937
3126
3241
3325
3376
3371
3227
3236
3226
3235
3226
3187
3150
3112
3083
3065
3043
3018
2989
2979
2952
2922
2980
3165
3266
3341
3362
3323
3233
3219
3215
3221
3209
3178
3125
3091
3065
3038
3010
2988
2969
2964
2920
2898
3057
3196
3286
3336
3331
3241
3200
3198
3194
3193
3168
3134
3102
3070
3043
3014
2990
2967
2950
2930
2898
2920
3129
3234
3300
3323
3307
3153
3189
3179
3184
3177
3153
3118
3081
3049
3019
2993
2970
2946
2937
2908
2882
3018
3169
3255
3309
3326
3211
3196
3182
3180
3187
3172
3136
3092
3054
3028
3006
2973
2950
2932
2925
2900
2897
3100
3202
3280
3325
3327
3174
3192
3183
3188
3191
3162
3123
3078
3046
3025
2987
2964
2943
2940
2919
2889
2969
3144
3236
3306
3332
3249
3194
3191
3185
3190
3174
3136
3098
3066
3039
3012
2981
2954
2935
2924
2887
2884
3078
3202
3288
3330
3319
3200
3189
3188
3186
3176
3149
3117
3081
3048
3017
2988
2966
2943
2932
2899
2873
2987
3154
3250
3316
3334
3317
3164
3205
3199
3192
3181
3156
3118
3076
3038
3013
2989
2967
2934
2928
2898
2878
3049
3188
3269
3318
3326
3266
3206
3196
3179
3186
3167
3132
3089
3046
3018
2995
2977
2953
2920
2906
2880
2891
3100
3204
3279
3323
3325
3155
3183
3175
3181
3179
3145
3098
3059
3026
3007
2983
2955
2917
2915
2887
2856
2939
3107
3207
3278
3307
3286
3164
3159
3149
3153
3138
3100
3063
3033
3005
2977
2927
2907
2907
2879
2847
2885
3063
3162
3229
3251
3217
3071
3094
3090
3099
3087
3055
3028
3006
2978
2948
2907
2892
2886
2853
2846
3047
3159
3246
3285
3277
3146
3132
3129
3132
3129
3102
3069
3041
3009
2974
2935
2903
2899
2873
2866
3066
3186
3279
3341
3345
3278
3198
3189
3183
3186
3161
3123
3091
3061
3024
2984
2954
2936
2911
2907
3080
3192
3273
3321
3311
3164
3164
3148
3155
3149
3117
3081
3049
3012
2979
2945
2920
2894
2875
2977
3135
3218
3279
3297
3259
3157
3150
3130
3140
3123
3090
3056
3016
2975
2939
2915
2899
2865
2847
3065
3156
3213
3239
3212
3048
3089
3069
3076
3066
3045
3019
2983
2932
2894
2864
2853
2831
2811
2989
3104
3168
3199
3179
3011
3039
3040
3043
3041
3011
2982
2950
2910
2862
2832
2810
2803
2789
2838
3004
3115
3149
3142
2988
2993
2985
2986
2996
2978
2937
2916
2885
2849
2812
2782
2749
2725
2808
2951
3018
3062
3072
2940
2928
2908
2909
2917
2905
2888
2845
2812
2781
2750
2718
2690
2671
2694
2875
2952
2992
2991
2859
2856
2850
2849
2846
2834
2825
2804
2769
2724
2691
2665
2647
2633
2645
2806
2885
2929
2914
2756
2797
2797
2806
2803
2784
2766
2748
2714
2680
2645
2612
2606
2599
2658
2801
2854
2880
2825
2770
2744
2735
2743
2741
2733
2721
2695
2659
2623
2595
2560
2548
2538
2691
2797
2838
2847
2777
2714
2704
2704
2699
2687
2682
2676
2645
2613
2577
2548
2525
2512
2563
2716
2777
2813
2802
2630
2669
2665
2668
2658
2647
2633
2616
2592
2569
2517
2484
2478
2477
2632
2724
2754
2760
2692
2650
2617
2622
2622
2612
2615
2600
2566
2534
2509
2480
2455
2438
2476
2645
2701
2728
2685
2589
2586
2587
2591
2581
2567
2558
2542
2513
2481
2445
2402
2401
2408
2586
2658
2686
2698
2543
2569
2552
2550
2552
2550
2547
2532
2506
2467
2442
2385
2374
2362
2472
2608
2652
2663
2627
2506
2517
2520
2513
2503
2501
2497
2480
2449
2420
2380
2340
2333
2382
2540
2591
2616
2609
2449
2486
2475
2478
2479
2471
2463
2449
2429
2408
2379
2326
2313
2306
2453
2553
2590
2594
2452
2472
2456
2446
2434
2424
2424
2422
2405
2375
2339
2299
2281
2277
2395
2497
2533
2548
2506
2436
2404
2395
2393
2393
2387
2383
2357
2336
2312
2279
2252
2245
2270
2437
2484
2495
2467
2335
2366
2363
2360
2356
2351
2349
2335
2313
2282
2250
2214
2215
2218
2409
2449
2467
2453
2309
2337
2328
2329
2332
2324
2319
2301
2284
2265
2241
2201
2197
2219
2378
2421
2431
2409
2271
2307
2305
2302
2299
2292
2288
2276
2260
2233
2197
2168
2165
2174
2331
2390
2401
2368
2273
2281
2268
2265
2267
2267
2263
2252
2230
2211
2178
2159
2139
2216
2346
2382
2382
2334
2266
2250
2248
2250
2248
2243
2236
2226
2209
2184
2132
2130
2123
2222
2334
2353
2338
2233
2255
2236
2225
2218
2216
2215
2215
2188
2172
2138
2123
2116
2133
2285
2326
2334
2312
2182
2211
2203
2206
2210
2205
2197
2183
2169
2152
2114
2098
2095
2228
2309
2327
2309
2209
2213
2194
2190
2185
2182
2178
2174
2167
2149
2108
2092
2081
2115
2285
2301
2291
2228
2213
2187
2179
2176
2178
2174
2166
2153
2132
2096
2083
2080
2099
2249
2296
2290
2234
2191
2165
2158
2158
2163
2161
2143
2136
2124
2093
2081
2069
2091
2243
2279
2281
2241
2130
2150
2154
2150
2151
2140
2134
2126
2119
2087
2070
2056
2143
2254
2274
2264
2209
2151
2142
2144
2142
2144
2139
2134
2124
2108
2061
2059
2049
2122
2244
2264
2244
2155
2165
2140
2130
2126
2130
2126
2125
2116
2099
2055
2056
2049
2168
2238
2251
2232
2132
2149
2130
2118
2119
2122
2112
2103
2093
2064
2054
2048
2052
2193
2251
2243
2192
2104
2115
2112
2113
2123
2120
2102
2095
2082
2046
2049
2035
2131
2228
2246
2229
2146
2142
2117
2114
2116
2111
2099
2093
2083
2058
2047
2038
2105
2224
2240
2229
2165
2111
2102
2102
2108
2101
2094
2094
2087
2057
2039
2028
2032
2176
2228
2218
2168
2077
2106
2106
2104
2102
2094
2089
2089
2065
2033
2030
2032
2167
2231
2236
2205
2093
2106
2104
2103
2100
2095
2089
2085
2043
2036
2031
2038
2189
2234
2233
2189
2064
2108
2104
2096
2100
2095
2094
2087
2056
2036
2030
2036
2181
2229
2215
2161
2098
2106
2101
2102
2099
2092
2087
2071
2030
2040
2029
2095
2224
2237
2216
2146
2105
2100
2093
2099
2098
2095
2092
2073
2034
2040
2046
2185
2234
2228
2192
2073
2118
2108
2103
2103
2102
2094
2084
2047
2042
2034
2072
2216
2241
2228
2171
2134
2108
2103
2101
2100
2094
2094
2076
2039
2043
2034
2208
2241
2230
2183
2062
2113
2110
2109
2105
2099
2093
2089
2035
2048
2040
2152
2243
2247
2218
2118
2131
2113
2110
2109
2104
2098
2097
2061
2063
2045
2111
2241
2255
2234
2164
2134
2122
2120
2121
2112
2103
2097
2073
2067
2052
2146
2254
2264
2240
2150
2145
2123
2125
2133
2130
2119
2108
2070
2080
2064
2122
2251
2269
2248
2160
2154
2130
2131
2140
2138
2124
2112
2080
2085
2069
2179
2268
2274
2250
2144
2162
2140
2141
2149
2147
2138
2127
2081
2096
2088
2213
2278
2279
2243
2123
2166
2158
2151
2153
2151
2143
2115
2083
2095
2104
2260
2299
2287
2237
2122
2166
2161
2166
2166
2162
2156
2122
2113
2103
2143
2295
2313
2297
2152
2196
2184
2182
2179
2171
2164
2155
2118
2133
2119
2297
2327
2316
2263
2155
2187
2188
2200
2201
2182
2174
2146
2150
2135
2186
2318
2331
2315
2236
2231
2207
2213
2214
2206
2195
2171
2131
2147
2150
2297
2349
2333
2262
2246
2224
2216
2220
2220
2217
2206
2165
2169
2170
2321
2364
2356
2309
2193
2239
2240
2243
2241
2232
2222
2183
2188
2169
2265
2375
2385
2353
2228
2260
2256
2260
2254
2243
2234
2205
2205
2195
2241
2379
2400
2361
2233
2274
2265
2271
2278
2271
2260
2236
2195
2203
2305
2402
2409
2386
2281
2308
2293
2294
2296
2287
2276
2245
2225
2219
2267
2421
2434
2413
2323
2308
2307
2311
2307
2294
2285
2265
2243
2240
2266
2422
2451
2419
2296
2326
2317
2325
2332
2324
2312
2267
2273
2258
2338
2450
2458
2432
2310
2349
2342
2340
2340
2334
2320
2277
2279
2265
2369
2478
2483
2447
2314
2358
2361
2361
2358
2347
2338
2301
2305
2282
2404
2486
2494
2460
2335
2375
2381
2386
2380
2365
2344
2299
2312
2304
2449
2508
2503
2458
2409
2389
2390
2393
2389
2383
2369
2320
2329
2363
2516
2530
2514
2419
2422
2407
2416
2410
2399
2389
2365
2342
2333
2373
2524
2541
2525
2394
2418
2421
2435
2437
2421
2400
2358
2360
2348
2461
2555
2550
2498
2461
2445
2440
2444
2441
2429
2418
2366
2375
2400
2562
2577
2562
2468
2469
2458
2467
2471
2458
2438
2401
2397
2376
2453
2574
2587
2567
2440
2477
2469
2475
2481
2465
2445
2397
2402
2390
2538
2605
2607
2508
2510
2494
2496
2494
2486
2474
2455
2406
2409
2407
2614
2625
2603
2482
2506
2499
2516
2511
2491
2474
2438
2433
2421
2531
2629
2637
2580
2538
2523
2519
2527
2524
2514
2496
2434
2431
2460
2633
2653
2636
2535
2545
2537
2547
2550
2535
2513
2473
2466
2442
2536
2652
2668
2639
2515
2549
2544
2556
2557
2529
2508
2457
2464
2462
2637
2678
2671
2607
2579
2568
2567
2570
2556
2545
2515
2476
2469
2606
2688
2699
2669
2535
2572
2573
2591
2592
2571
2548
2487
2494
2485
2657
2696
2699
2640
2612
2583
2594
2600
2591
2574
2542
2487
2485
2529
2701
2722
2693
2566
2609
2612
2625
2624
2597
2576
2539
2529
2503
2666
2721
2734
2681
2633
2615
2612
2631
2612
2586
2559
2508
2512
2536
2722
2749
2724
2596
2636
2632
2642
2639
2621
2601
2574
2545
2523
2685
2751
2762
2717
2646
2639
2642
2659
2648
2626
2595
2542
2547
2576
2740
2767
2761
2664
2669
2655
2659
2664
2649
2631
2575
2562
2543
2642
2770
2789
2763
2620
2673
2671
2681
2667
2645
2621
2578
2579
2560
2713
2798
2795
2702
2692
2674
2683
2695
2683
2659
2626
2568
2567
2579
2785
2804
2781
2653
2696
2693
2707
2699
2677
2654
2624
2588
2576
2745
2814
2829
2782
2720
2704
2719
2725
2703
2678
2649
2595
2600
2609
2796
2826
2823
2685
2722
2715
2725
2730
2713
2691
2654
2618
2608
2779
2842
2849
2806
2740
2738
2741
2755
2740
2712
2686
2641
2641
2620
2778
2868
2866
2770
2760
2742
2751
2767
2751
2724
2690
2629
2629
2640
2855
2879
2868
2727
2770
2766
2780
2780
2753
2726
2684
2661
2638
2762
2876
2903
2878
2748
2782
2786
2799
2786
2753
2722
2675
2677
2659
2822
2911
2922
2826
2812
2794
2799
2815
2803
2778
2744
2691
2680
2670
2896
2925
2922
2797
2817
2811
2824
2829
2802
2774
2729
2700
2678
2761
2912
2955
2945
2794
2827
2822
2839
2850
2807
2778
2740
2720
2704
2812
2931
2964
2946
2828
2850
2839
2855
2853
2828
2781
2735
2726
2710
2875
2965
2989
2950
2849
2861
2861
2883
2861
2833
2807
2759
2747
2720
2875
2971
3000
2909
2885
2872
2875
2900
2884
2846
2810
2768
2756
2740
2944
3000
3021
2974
2917
2899
2888
2908
2901
2855
2819
2772
2765
2752
2936
3018
3046
3007
2912
2918
2914
2930
2914
2887
2853
2810
2785
2762
2915
3023
3065
3053
2945
2934
2932
2953
2943
2903
2866
2830
2803
2784
2869
3016
3063
3044
2929
2938
2931
2952
2960
2928
2893
2846
2797
2794
2890
3032
3081
3092
2972
2974
2957
2965
2982
2955
2915
2874
2822
2813
2809
3007
3078
3106
3067
2984
2967
2969
2983
2969
2935
2903
2864
2828
2812
2979
3080
3121
3111
2942
2983
2981
2999
3009
2982
2927
2889
2840
2834
2822
3010
3094
3134
3108
3001
2985
2993
3015
3002
2964
2918
2880
2837
2823
2916
3069
3124
3148
3048
3016
2995
3015
3026
3001
2962
2913
2875
2851
2844
2909
3081
3158
3153
2990
3031
3017
3026
3045
3038
3019
2958
2919
2913
2921
3072
3198
3228
3229
3104
3112
3094
3088
3081
3050
2995
2930
2878
2849
2821
2929
3103
3180
3183
3029
3053
3040
3046
3059
3040
3007
2958
2912
2865
2854
2992
3142
3201
3229
3165
3101
3089
3081
3094
3080
3042
2991
2941
2897
2886
2891
3099
3196
3243
3236
3114
3108
3093
3105
3102
3071
3025
2974
2929
2897
2885
2942
3126
3189
3205
3076
3077
3062
3063
3068
3054
3021
2980
2940
2885
2876
2872
3029
3123
3158
3145
2981
3021
3011
3022
3023
2999
2962
2919
2880
2840
2829
2864
3036
3093
3120
3049
3004
2986
2979
2991
2981
2948
2906
2856
2821
2796
2791
2811
3000
3045
2828
